archlinux-x86_64.iso 1597014016 10000 159702 37269  
archlinux-x86_64.iso 1597014016 2048 779792 27112  
archlinux-x86_64.iso 1597014016 10000 159702 22596  
archlinux-x86_64.iso 1597014016 20000 79851 18969  
archlinux-x86_64.iso 1597014016 50000 31941 18264  
archlinux-x86_64.iso 1597014016 100000 15971 29463  
archlinux-x86_64.iso 1597014016 1000000 1598 25163  
archlinux-x86_64.iso 1597014016 10000000 160 70499  
archlinux-x86_64.iso 1597014016 100000000 16 20374  
archlinux-x86_64.iso 1597014016 10000000 160 14484  
archlinux-x86_64.iso 1597014016 100000000 16 15970  
archlinux-x86_64.iso 1597014016 1000000000 2 37264  
